Run 1
28,319,39,2071
28,404,11,2051
27,404,13,2044
25,416,15,2037
24,434,18,2030
22,422,21,2029
20,428,22,2027
19,429,19,2029
20,428,18,2029
20,430,15,2031
19,432,19,2024
19,0,0,437
17,2021,21,439
20,2018,20,447
12,2014,22,450
17,2009,20,449
18,2008,20,449
19,2003,20,455
20,2001,22,456
15,2002,19,465
18,1997,17,463
15,1999,18,467
13,1997,22,464

Run 2

Up

11,1323,19,0
0,1139,12,1330
13,1139,12,1330
19,1139,12,1316
19,1141,14,1330
16,1140,13,1328
15,1140,14,1327
15,1142,13,1329
14,1138,13,1327
15,1146,9,1329
15,1142,13,1325
18,1140,12,1327
15,1143,13,1324
17,1142,14,1325
15,1142,15,1323
15,1144,13,1327
14,1143,0,0
12,1324,15,1145
14,1323,15,1148
10,1322,18,1145
12,1324,14,1146
PANIC


|blockedA|openA|blockedB|openB|sum        |
|--------|-----|--------|-----|-----------|
|28      |319  |39      |2071 |2457       |
|28      |404  |11      |2051 |2494       |
|27      |404  |13      |2044 |2488       |
|25      |416  |15      |2037 |2493       |
|24      |434  |18      |2030 |2506       |
|22      |422  |21      |2029 |2494       |
|20      |428  |22      |2027 |2497       |
|19      |429  |19      |2029 |2496       |
|20      |428  |18      |2029 |2495       |
|20      |430  |15      |2031 |2496       |
|19      |432  |19      |2024 |2494       |
|19      |437  |19      |2021 |2496       |
|17      |439  |21      |2018 |2495       |
|20      |447  |20      |2014 |2501       |
|12      |450  |22      |2009 |2493       |
|17      |449  |20      |2008 |2494       |
|18      |449  |20      |2003 |2490       |
|19      |455  |20      |2001 |2495       |
|20      |456  |22      |2002 |2500       |
|15      |465  |19      |1997 |2496       |
|18      |463  |17      |1999 |2497       |
|15      |467  |18      |1997 |2497       |
|        |     |        |     |2495.571429|

|blockedA|openA|blockedB|openB|sum        |
|--------|-----|--------|-----|-----------|
|11      |1139 |19      |1330 |2499       |
|19      |1139 |12      |1330 |2500       |
|13      |1139 |12      |1330 |2494       |
|19      |1139 |12      |1316 |2486       |
|19      |1141 |14      |1330 |2504       |
|16      |1140 |13      |1328 |2497       |
|15      |1140 |14      |1327 |2496       |
|15      |1142 |13      |1329 |2499       |
|14      |1138 |13      |1327 |2492       |
|15      |1146 |9       |1329 |2499       |
|15      |1142 |13      |1325 |2495       |
|18      |1140 |12      |1327 |2497       |
|15      |1143 |13      |1324 |2495       |
|17      |1142 |14      |1325 |2498       |
|15      |1142 |15      |1323 |2495       |
|15      |1144 |13      |1327 |2499       |
|14      |1143 |13      |1324 |2494       |
|12      |1145 |15      |1323 |2495       |
|14      |1148 |15      |1322 |2499       |
|10      |1145 |18      |1324 |2497       |
|        |     |        |     |2496.368421|


Gear Ratio: 0.0800

Input Speed: 200 Output Speed: 16.0000

Nema 14 Bipolar 1.8deg 5Ncm (7.08oz.in) 0.4A 10V 35x35x20mm 4 Wires

Ship from: Germany 14HS08-0404S
360 / 1.8 = 200 steps per revolution.

200 steps of the motor = 16 steps of the table.

75 on gear 4